-0.2947271 -0.5353399 0.8302058 0.2972839 1.075708
0.9845827 -0.9087788 0.7401196 -0.5356039 1.59026
0.2118474 1.047707 -0.1631706 -0.714476 0.1929367
-0.5011675 1.194669 0.7593394 0.9130316 0.1253522
-0.8599606 0.1134981 -0.2250392 -0.04086199 -0.2718414
4.003952 -0.02448133 -0.2781249 -0.3603265 0.5178292
-1.711795 0.1112884 -0.9121186 0.2509602 0.5487697
-0.1131674 0.616213 -1.053723 -1.417045 -0.9059499
0.5506188 0.6413757 4.51698 -0.1943932 0.0608873
-0.1174116 0.2402155 -0.2315205 -0.1745873 -0.1074777
-0.5471621 0.8001267 0.08532148 0.9967127 0.8656554
-0.7399703 -0.0352819 1.072547 0.4446881 0.2333183
0.3376838 -0.1026049 -0.8442902
